(kicad_pcb (version 20171130) (host pcbnew "(5.1.6-0)")

  (general
    (thickness 1.6)
    (drawings 48)
    (tracks 236)
    (zones 0)
    (modules 28)
    (nets 24)
  )

  (page A4)
  (layers
    (0 F.Cu signal)
    (31 B.Cu signal)
    (32 B.Adhes user)
    (33 F.Adhes user)
    (34 B.Paste user)
    (35 F.Paste user)
    (36 B.SilkS user)
    (37 F.SilkS user)
    (38 B.Mask user)
    (39 F.Mask user)
    (40 Dwgs.User user)
    (41 Cmts.User user)
    (42 Eco1.User user)
    (43 Eco2.User user)
    (44 Edge.Cuts user)
    (45 Margin user)
    (46 B.CrtYd user)
    (47 F.CrtYd user)
    (48 B.Fab user)
    (49 F.Fab user)
  )

  (setup
    (last_trace_width 0.25)
    (user_trace_width 0.25)
    (user_trace_width 0.4)
    (user_trace_width 0.5)
    (trace_clearance 0.2)
    (zone_clearance 0.508)
    (zone_45_only no)
    (trace_min 0.2)
    (via_size 0.8)
    (via_drill 0.4)
    (via_min_size 0.4)
    (via_min_drill 0.3)
    (uvia_size 0.3)
    (uvia_drill 0.1)
    (uvias_allowed no)
    (uvia_min_size 0.2)
    (uvia_min_drill 0.1)
    (edge_width 0.05)
    (segment_width 0.2)
    (pcb_text_width 0.3)
    (pcb_text_size 1.5 1.5)
    (mod_edge_width 0.12)
    (mod_text_size 1 1)
    (mod_text_width 0.15)
    (pad_size 1.524 1.524)
    (pad_drill 0.762)
    (pad_to_mask_clearance 0.05)
    (aux_axis_origin 0 0)
    (visible_elements FFFFFF7F)
    (pcbplotparams
      (layerselection 0x010f0_ffffffff)
      (usegerberextensions true)
      (usegerberattributes true)
      (usegerberadvancedattributes true)
      (creategerberjobfile false)
      (excludeedgelayer true)
      (linewidth 0.100000)
      (plotframeref false)
      (viasonmask false)
      (mode 1)
      (useauxorigin false)
      (hpglpennumber 1)
      (hpglpenspeed 20)
      (hpglpendiameter 15.000000)
      (psnegative false)
      (psa4output false)
      (plotreference true)
      (plotvalue true)
      (plotinvisibletext false)
      (padsonsilk false)
      (subtractmaskfromsilk false)
      (outputformat 1)
      (mirror false)
      (drillshape 0)
      (scaleselection 1)
      (outputdirectory "ScsiTermGerber/"))
  )

  (net 0 "")
  (net 1 GND)
  (net 2 +5V)
  (net 3 /DB4)
  (net 4 /DB2)
  (net 5 /DB1)
  (net 6 /DBP)
  (net 7 /SEL)
  (net 8 /ATN)
  (net 9 /C_D)
  (net 10 /DB7)
  (net 11 /DB6)
  (net 12 /DB5)
  (net 13 /DB3)
  (net 14 /DB0)
  (net 15 /BSY)
  (net 16 /ACK)
  (net 17 /RST)
  (net 18 /I_O)
  (net 19 /MSG)
  (net 20 /REQ)
  (net 21 "Net-(D1-Pad2)")
  (net 22 /2.85V)
  (net 23 "Net-(C3-Pad1)")

  (net_class Default "This is the default net class."
    (clearance 0.2)
    (trace_width 0.25)
    (via_dia 0.8)
    (via_drill 0.4)
    (uvia_dia 0.3)
    (uvia_drill 0.1)
    (add_net +5V)
    (add_net /2.85V)
    (add_net /ACK)
    (add_net /ATN)
    (add_net /BSY)
    (add_net /C_D)
    (add_net /DB0)
    (add_net /DB1)
    (add_net /DB2)
    (add_net /DB3)
    (add_net /DB4)
    (add_net /DB5)
    (add_net /DB6)
    (add_net /DB7)
    (add_net /DBP)
    (add_net /I_O)
    (add_net /MSG)
    (add_net /REQ)
    (add_net /RST)
    (add_net /SEL)
    (add_net GND)
    (add_net "Net-(C3-Pad1)")
    (add_net "Net-(D1-Pad2)")
  )

  (module Package_TO_SOT_SMD:SOT-223-3_TabPin2 (layer F.Cu) (tedit 5A02FF57) (tstamp 612A875D)
    (at 152.25 50.3 90)
    (descr "module CMS SOT223 4 pins")
    (tags "CMS SOT")
    (path /612F876C)
    (attr smd)
    (fp_text reference U1 (at 2.95 -2.9 180) (layer F.SilkS)
      (effects (font (size 1 1) (thickness 0.15)))
    )
    (fp_text value "LD1117 SC-R" (at 0 4.5 90) (layer F.Fab)
      (effects (font (size 1 1) (thickness 0.15)))
    )
    (fp_line (start 1.85 -3.35) (end 1.85 3.35) (layer F.Fab) (width 0.1))
    (fp_line (start -1.85 3.35) (end 1.85 3.35) (layer F.Fab) (width 0.1))
    (fp_line (start -4.1 -3.41) (end 1.91 -3.41) (layer F.SilkS) (width 0.12))
    (fp_line (start -0.85 -3.35) (end 1.85 -3.35) (layer F.Fab) (width 0.1))
    (fp_line (start -1.85 3.41) (end 1.91 3.41) (layer F.SilkS) (width 0.12))
    (fp_line (start -1.85 -2.35) (end -1.85 3.35) (layer F.Fab) (width 0.1))
    (fp_line (start -1.85 -2.35) (end -0.85 -3.35) (layer F.Fab) (width 0.1))
    (fp_line (start -4.4 -3.6) (end -4.4 3.6) (layer F.CrtYd) (width 0.05))
    (fp_line (start -4.4 3.6) (end 4.4 3.6) (layer F.CrtYd) (width 0.05))
    (fp_line (start 4.4 3.6) (end 4.4 -3.6) (layer F.CrtYd) (width 0.05))
    (fp_line (start 4.4 -3.6) (end -4.4 -3.6) (layer F.CrtYd) (width 0.05))
    (fp_line (start 1.91 -3.41) (end 1.91 -2.15) (layer F.SilkS) (width 0.12))
    (fp_line (start 1.91 3.41) (end 1.91 2.15) (layer F.SilkS) (width 0.12))
    (fp_text user %R (at 0 0) (layer F.Fab)
      (effects (font (size 0.8 0.8) (thickness 0.12)))
    )
    (pad 1 smd rect (at -3.15 -2.3 90) (size 2 1.5) (layers F.Cu F.Paste F.Mask)
      (net 23 "Net-(C3-Pad1)"))
    (pad 3 smd rect (at -3.15 2.3 90) (size 2 1.5) (layers F.Cu F.Paste F.Mask)
      (net 2 +5V))
    (pad 2 smd rect (at -3.15 0 90) (size 2 1.5) (layers F.Cu F.Paste F.Mask)
      (net 22 /2.85V))
    (pad 2 smd rect (at 3.15 0 90) (size 2 3.8) (layers F.Cu F.Paste F.Mask)
      (net 22 /2.85V))
    (model ${KISYS3DMOD}/Package_TO_SOT_SMD.3dshapes/SOT-223.wrl
      (at (xyz 0 0 0))
      (scale (xyz 1 1 1))
      (rotate (xyz 0 0 0))
    )
  )

  (module Resistor_SMD:R_0805_2012Metric_Pad1.15x1.40mm_HandSolder (layer F.Cu) (tedit 5B36C52B) (tstamp 6313C6A0)
    (at 150.975 56)
    (descr "Resistor SMD 0805 (2012 Metric), square (rectangular) end terminal, IPC_7351 nominal with elongated pad for handsoldering. (Body size source: https://docs.google.com/spreadsheets/d/1BsfQQcO9C6DZCsRaXUlFlo91Tg2WpOkGARC1WS5S8t0/edit?usp=sharing), generated with kicad-footprint-generator")
    (tags "resistor handsolder")
    (path /63143B61)
    (attr smd)
    (fp_text reference R21 (at 3.275 0.05) (layer F.SilkS)
      (effects (font (size 1 1) (thickness 0.15)))
    )
    (fp_text value 120 (at 0 1.65) (layer F.Fab)
      (effects (font (size 1 1) (thickness 0.15)))
    )
    (fp_line (start 1.85 0.95) (end -1.85 0.95) (layer F.CrtYd) (width 0.05))
    (fp_line (start 1.85 -0.95) (end 1.85 0.95) (layer F.CrtYd) (width 0.05))
    (fp_line (start -1.85 -0.95) (end 1.85 -0.95) (layer F.CrtYd) (width 0.05))
    (fp_line (start -1.85 0.95) (end -1.85 -0.95) (layer F.CrtYd) (width 0.05))
    (fp_line (start -0.261252 0.71) (end 0.261252 0.71) (layer F.SilkS) (width 0.12))
    (fp_line (start -0.261252 -0.71) (end 0.261252 -0.71) (layer F.SilkS) (width 0.12))
    (fp_line (start 1 0.6) (end -1 0.6) (layer F.Fab) (width 0.1))
    (fp_line (start 1 -0.6) (end 1 0.6) (layer F.Fab) (width 0.1))
    (fp_line (start -1 -0.6) (end 1 -0.6) (layer F.Fab) (width 0.1))
    (fp_line (start -1 0.6) (end -1 -0.6) (layer F.Fab) (width 0.1))
    (fp_text user %R (at 0 0) (layer F.Fab)
      (effects (font (size 0.5 0.5) (thickness 0.08)))
    )
    (pad 2 smd roundrect (at 1.025 0) (size 1.15 1.4) (layers F.Cu F.Paste F.Mask) (roundrect_rratio 0.217391)
      (net 22 /2.85V))
    (pad 1 smd roundrect (at -1.025 0) (size 1.15 1.4) (layers F.Cu F.Paste F.Mask) (roundrect_rratio 0.217391)
      (net 23 "Net-(C3-Pad1)"))
    (model ${KISYS3DMOD}/Resistor_SMD.3dshapes/R_0805_2012Metric.wrl
      (at (xyz 0 0 0))
      (scale (xyz 1 1 1))
      (rotate (xyz 0 0 0))
    )
  )

  (module Resistor_SMD:R_0805_2012Metric_Pad1.15x1.40mm_HandSolder (layer F.Cu) (tedit 5B36C52B) (tstamp 6313D5C6)
    (at 147.9 56.925 270)
    (descr "Resistor SMD 0805 (2012 Metric), square (rectangular) end terminal, IPC_7351 nominal with elongated pad for handsoldering. (Body size source: https://docs.google.com/spreadsheets/d/1BsfQQcO9C6DZCsRaXUlFlo91Tg2WpOkGARC1WS5S8t0/edit?usp=sharing), generated with kicad-footprint-generator")
    (tags "resistor handsolder")
    (path /6314292E)
    (attr smd)
    (fp_text reference R20 (at -3.225 -0.05 90) (layer F.SilkS)
      (effects (font (size 1 1) (thickness 0.15)))
    )
    (fp_text value 150 (at 0 1.65 90) (layer F.Fab)
      (effects (font (size 1 1) (thickness 0.15)))
    )
    (fp_line (start 1.85 0.95) (end -1.85 0.95) (layer F.CrtYd) (width 0.05))
    (fp_line (start 1.85 -0.95) (end 1.85 0.95) (layer F.CrtYd) (width 0.05))
    (fp_line (start -1.85 -0.95) (end 1.85 -0.95) (layer F.CrtYd) (width 0.05))
    (fp_line (start -1.85 0.95) (end -1.85 -0.95) (layer F.CrtYd) (width 0.05))
    (fp_line (start -0.261252 0.71) (end 0.261252 0.71) (layer F.SilkS) (width 0.12))
    (fp_line (start -0.261252 -0.71) (end 0.261252 -0.71) (layer F.SilkS) (width 0.12))
    (fp_line (start 1 0.6) (end -1 0.6) (layer F.Fab) (width 0.1))
    (fp_line (start 1 -0.6) (end 1 0.6) (layer F.Fab) (width 0.1))
    (fp_line (start -1 -0.6) (end 1 -0.6) (layer F.Fab) (width 0.1))
    (fp_line (start -1 0.6) (end -1 -0.6) (layer F.Fab) (width 0.1))
    (fp_text user %R (at 0 0 90) (layer F.Fab)
      (effects (font (size 0.5 0.5) (thickness 0.08)))
    )
    (pad 2 smd roundrect (at 1.025 0 270) (size 1.15 1.4) (layers F.Cu F.Paste F.Mask) (roundrect_rratio 0.217391)
      (net 23 "Net-(C3-Pad1)"))
    (pad 1 smd roundrect (at -1.025 0 270) (size 1.15 1.4) (layers F.Cu F.Paste F.Mask) (roundrect_rratio 0.217391)
      (net 1 GND))
    (model ${KISYS3DMOD}/Resistor_SMD.3dshapes/R_0805_2012Metric.wrl
      (at (xyz 0 0 0))
      (scale (xyz 1 1 1))
      (rotate (xyz 0 0 0))
    )
  )

  (module Capacitor_SMD:C_0805_2012Metric_Pad1.15x1.40mm_HandSolder (layer F.Cu) (tedit 5B36C52B) (tstamp 6313C2A2)
    (at 150.975 58.3)
    (descr "Capacitor SMD 0805 (2012 Metric), square (rectangular) end terminal, IPC_7351 nominal with elongated pad for handsoldering. (Body size source: https://docs.google.com/spreadsheets/d/1BsfQQcO9C6DZCsRaXUlFlo91Tg2WpOkGARC1WS5S8t0/edit?usp=sharing), generated with kicad-footprint-generator")
    (tags "capacitor handsolder")
    (path /63147BEA)
    (attr smd)
    (fp_text reference C3 (at 2.775 0) (layer F.SilkS)
      (effects (font (size 1 1) (thickness 0.15)))
    )
    (fp_text value 4.7uF (at 0 1.65) (layer F.Fab)
      (effects (font (size 1 1) (thickness 0.15)))
    )
    (fp_line (start 1.85 0.95) (end -1.85 0.95) (layer F.CrtYd) (width 0.05))
    (fp_line (start 1.85 -0.95) (end 1.85 0.95) (layer F.CrtYd) (width 0.05))
    (fp_line (start -1.85 -0.95) (end 1.85 -0.95) (layer F.CrtYd) (width 0.05))
    (fp_line (start -1.85 0.95) (end -1.85 -0.95) (layer F.CrtYd) (width 0.05))
    (fp_line (start -0.261252 0.71) (end 0.261252 0.71) (layer F.SilkS) (width 0.12))
    (fp_line (start -0.261252 -0.71) (end 0.261252 -0.71) (layer F.SilkS) (width 0.12))
    (fp_line (start 1 0.6) (end -1 0.6) (layer F.Fab) (width 0.1))
    (fp_line (start 1 -0.6) (end 1 0.6) (layer F.Fab) (width 0.1))
    (fp_line (start -1 -0.6) (end 1 -0.6) (layer F.Fab) (width 0.1))
    (fp_line (start -1 0.6) (end -1 -0.6) (layer F.Fab) (width 0.1))
    (fp_text user %R (at 0 0) (layer F.Fab)
      (effects (font (size 0.5 0.5) (thickness 0.08)))
    )
    (pad 2 smd roundrect (at 1.025 0) (size 1.15 1.4) (layers F.Cu F.Paste F.Mask) (roundrect_rratio 0.217391)
      (net 1 GND))
    (pad 1 smd roundrect (at -1.025 0) (size 1.15 1.4) (layers F.Cu F.Paste F.Mask) (roundrect_rratio 0.217391)
      (net 23 "Net-(C3-Pad1)"))
    (model ${KISYS3DMOD}/Capacitor_SMD.3dshapes/C_0805_2012Metric.wrl
      (at (xyz 0 0 0))
      (scale (xyz 1 1 1))
      (rotate (xyz 0 0 0))
    )
  )

  (module bax:baxlogo (layer B.Cu) (tedit 5D2B3466) (tstamp 61B68BFD)
    (at 153.035 50.673 180)
    (fp_text reference REF** (at 0 -3.81) (layer B.SilkS) hide
      (effects (font (size 1 1) (thickness 0.15)) (justify mirror))
    )
    (fp_text value baxlogo (at 0 3.6322) (layer B.Fab)
      (effects (font (size 1 1) (thickness 0.15)) (justify mirror))
    )
    (fp_poly (pts (xy -0.635 2.54) (xy 1.27 2.54) (xy 1.27 1.27) (xy -0.635 1.27)) (layer B.SilkS) (width 0.1))
    (fp_poly (pts (xy 0 1.27) (xy 0 0.635) (xy 0.635 0.635) (xy 0.635 1.27)) (layer B.SilkS) (width 0.1))
    (fp_poly (pts (xy -0.635 0.635) (xy -1.27 0.635) (xy -1.27 0) (xy -0.635 0)) (layer B.SilkS) (width 0.1))
    (fp_poly (pts (xy -1.27 0.635) (xy -1.27 1.905) (xy -1.905 1.905) (xy -1.905 0.635)) (layer B.SilkS) (width 0.1))
    (fp_poly (pts (xy -0.635 0.635) (xy 1.27 0.635) (xy 1.27 0) (xy -0.635 0)) (layer B.SilkS) (width 0.1))
    (fp_poly (pts (xy 1.27 0) (xy 1.27 -1.27) (xy 1.905 -1.27) (xy 1.905 0)) (layer B.SilkS) (width 0.1))
    (fp_poly (pts (xy 0.635 0) (xy 0.635 -0.635) (xy -0.635 -0.635) (xy -0.635 0)) (layer B.SilkS) (width 0.1))
    (fp_poly (pts (xy 0.635 -0.635) (xy 0.635 -1.905) (xy 0 -1.905) (xy 0 -0.635)) (layer B.SilkS) (width 0.1))
    (fp_poly (pts (xy 0.635 -1.27) (xy 1.27 -1.27) (xy 1.27 -2.54) (xy 0.635 -2.54)) (layer B.SilkS) (width 0.1))
    (fp_poly (pts (xy -0.635 -0.635) (xy -0.635 -1.27) (xy -1.27 -1.27) (xy -1.27 -0.635)) (layer B.SilkS) (width 0.1))
    (fp_poly (pts (xy -0.635 -1.27) (xy -0.635 -1.905) (xy -1.905 -1.905) (xy -1.905 -1.27)) (layer B.SilkS) (width 0.1))
  )

  (module Resistor_SMD:R_0805_2012Metric_Pad1.15x1.40mm_HandSolder (layer B.Cu) (tedit 5B36C52B) (tstamp 612ACD28)
    (at 154.605 54.655)
    (descr "Resistor SMD 0805 (2012 Metric), square (rectangular) end terminal, IPC_7351 nominal with elongated pad for handsoldering. (Body size source: https://docs.google.com/spreadsheets/d/1BsfQQcO9C6DZCsRaXUlFlo91Tg2WpOkGARC1WS5S8t0/edit?usp=sharing), generated with kicad-footprint-generator")
    (tags "resistor handsolder")
    (path /6133F8E5)
    (attr smd)
    (fp_text reference R19 (at 0 1.65) (layer B.SilkS)
      (effects (font (size 1 1) (thickness 0.15)) (justify mirror))
    )
    (fp_text value 680 (at 0 -1.65) (layer B.Fab)
      (effects (font (size 1 1) (thickness 0.15)) (justify mirror))
    )
    (fp_line (start 1.85 -0.95) (end -1.85 -0.95) (layer B.CrtYd) (width 0.05))
    (fp_line (start 1.85 0.95) (end 1.85 -0.95) (layer B.CrtYd) (width 0.05))
    (fp_line (start -1.85 0.95) (end 1.85 0.95) (layer B.CrtYd) (width 0.05))
    (fp_line (start -1.85 -0.95) (end -1.85 0.95) (layer B.CrtYd) (width 0.05))
    (fp_line (start -0.261252 -0.71) (end 0.261252 -0.71) (layer B.SilkS) (width 0.12))
    (fp_line (start -0.261252 0.71) (end 0.261252 0.71) (layer B.SilkS) (width 0.12))
    (fp_line (start 1 -0.6) (end -1 -0.6) (layer B.Fab) (width 0.1))
    (fp_line (start 1 0.6) (end 1 -0.6) (layer B.Fab) (width 0.1))
    (fp_line (start -1 0.6) (end 1 0.6) (layer B.Fab) (width 0.1))
    (fp_line (start -1 -0.6) (end -1 0.6) (layer B.Fab) (width 0.1))
    (fp_text user %R (at 0 0) (layer B.Fab)
      (effects (font (size 0.5 0.5) (thickness 0.08)) (justify mirror))
    )
    (pad 2 smd roundrect (at 1.025 0) (size 1.15 1.4) (layers B.Cu B.Paste B.Mask) (roundrect_rratio 0.217391)
      (net 2 +5V))
    (pad 1 smd roundrect (at -1.025 0) (size 1.15 1.4) (layers B.Cu B.Paste B.Mask) (roundrect_rratio 0.217391)
      (net 21 "Net-(D1-Pad2)"))
    (model ${KISYS3DMOD}/Resistor_SMD.3dshapes/R_0805_2012Metric.wrl
      (at (xyz 0 0 0))
      (scale (xyz 1 1 1))
      (rotate (xyz 0 0 0))
    )
  )

  (module LED_SMD:LED_0805_2012Metric_Pad1.15x1.40mm_HandSolder (layer B.Cu) (tedit 5B4B45C9) (tstamp 612AC97F)
    (at 149.86 54.61)
    (descr "LED SMD 0805 (2012 Metric), square (rectangular) end terminal, IPC_7351 nominal, (Body size source: https://docs.google.com/spreadsheets/d/1BsfQQcO9C6DZCsRaXUlFlo91Tg2WpOkGARC1WS5S8t0/edit?usp=sharing), generated with kicad-footprint-generator")
    (tags "LED handsolder")
    (path /61341EAF)
    (attr smd)
    (fp_text reference D1 (at 0 1.65) (layer B.SilkS)
      (effects (font (size 1 1) (thickness 0.15)) (justify mirror))
    )
    (fp_text value LED (at 0 -1.65) (layer B.Fab)
      (effects (font (size 1 1) (thickness 0.15)) (justify mirror))
    )
    (fp_line (start 1.85 -0.95) (end -1.85 -0.95) (layer B.CrtYd) (width 0.05))
    (fp_line (start 1.85 0.95) (end 1.85 -0.95) (layer B.CrtYd) (width 0.05))
    (fp_line (start -1.85 0.95) (end 1.85 0.95) (layer B.CrtYd) (width 0.05))
    (fp_line (start -1.85 -0.95) (end -1.85 0.95) (layer B.CrtYd) (width 0.05))
    (fp_line (start -1.86 -0.96) (end 1 -0.96) (layer B.SilkS) (width 0.12))
    (fp_line (start -1.86 0.96) (end -1.86 -0.96) (layer B.SilkS) (width 0.12))
    (fp_line (start 1 0.96) (end -1.86 0.96) (layer B.SilkS) (width 0.12))
    (fp_line (start 1 -0.6) (end 1 0.6) (layer B.Fab) (width 0.1))
    (fp_line (start -1 -0.6) (end 1 -0.6) (layer B.Fab) (width 0.1))
    (fp_line (start -1 0.3) (end -1 -0.6) (layer B.Fab) (width 0.1))
    (fp_line (start -0.7 0.6) (end -1 0.3) (layer B.Fab) (width 0.1))
    (fp_line (start 1 0.6) (end -0.7 0.6) (layer B.Fab) (width 0.1))
    (fp_text user %R (at 0 0) (layer B.Fab)
      (effects (font (size 0.5 0.5) (thickness 0.08)) (justify mirror))
    )
    (pad 2 smd roundrect (at 1.025 0) (size 1.15 1.4) (layers B.Cu B.Paste B.Mask) (roundrect_rratio 0.217391)
      (net 21 "Net-(D1-Pad2)"))
    (pad 1 smd roundrect (at -1.025 0) (size 1.15 1.4) (layers B.Cu B.Paste B.Mask) (roundrect_rratio 0.217391)
      (net 1 GND))
    (model ${KISYS3DMOD}/LED_SMD.3dshapes/LED_0805_2012Metric.wrl
      (at (xyz 0 0 0))
      (scale (xyz 1 1 1))
      (rotate (xyz 0 0 0))
    )
  )

  (module Resistor_SMD:R_0805_2012Metric_Pad1.15x1.40mm_HandSolder (layer F.Cu) (tedit 5B36C52B) (tstamp 612A9758)
    (at 162.306 57.531 270)
    (descr "Resistor SMD 0805 (2012 Metric), square (rectangular) end terminal, IPC_7351 nominal with elongated pad for handsoldering. (Body size source: https://docs.google.com/spreadsheets/d/1BsfQQcO9C6DZCsRaXUlFlo91Tg2WpOkGARC1WS5S8t0/edit?usp=sharing), generated with kicad-footprint-generator")
    (tags "resistor handsolder")
    (path /612DBB29)
    (attr smd)
    (fp_text reference R18 (at 0 1.397 90) (layer F.SilkS)
      (effects (font (size 1 1) (thickness 0.15)))
    )
    (fp_text value 110 (at 0 1.65 90) (layer F.Fab)
      (effects (font (size 1 1) (thickness 0.15)))
    )
    (fp_line (start 1.85 0.95) (end -1.85 0.95) (layer F.CrtYd) (width 0.05))
    (fp_line (start 1.85 -0.95) (end 1.85 0.95) (layer F.CrtYd) (width 0.05))
    (fp_line (start -1.85 -0.95) (end 1.85 -0.95) (layer F.CrtYd) (width 0.05))
    (fp_line (start -1.85 0.95) (end -1.85 -0.95) (layer F.CrtYd) (width 0.05))
    (fp_line (start -0.261252 0.71) (end 0.261252 0.71) (layer F.SilkS) (width 0.12))
    (fp_line (start -0.261252 -0.71) (end 0.261252 -0.71) (layer F.SilkS) (width 0.12))
    (fp_line (start 1 0.6) (end -1 0.6) (layer F.Fab) (width 0.1))
    (fp_line (start 1 -0.6) (end 1 0.6) (layer F.Fab) (width 0.1))
    (fp_line (start -1 -0.6) (end 1 -0.6) (layer F.Fab) (width 0.1))
    (fp_line (start -1 0.6) (end -1 -0.6) (layer F.Fab) (width 0.1))
    (fp_text user %R (at 0 0 90) (layer F.Fab)
      (effects (font (size 0.5 0.5) (thickness 0.08)))
    )
    (pad 2 smd roundrect (at 1.025 0 270) (size 1.15 1.4) (layers F.Cu F.Paste F.Mask) (roundrect_rratio 0.217391)
      (net 22 /2.85V))
    (pad 1 smd roundrect (at -1.025 0 270) (size 1.15 1.4) (layers F.Cu F.Paste F.Mask) (roundrect_rratio 0.217391)
      (net 10 /DB7))
    (model ${KISYS3DMOD}/Resistor_SMD.3dshapes/R_0805_2012Metric.wrl
      (at (xyz 0 0 0))
      (scale (xyz 1 1 1))
      (rotate (xyz 0 0 0))
    )
  )

  (module Resistor_SMD:R_0805_2012Metric_Pad1.15x1.40mm_HandSolder (layer F.Cu) (tedit 5B36C52B) (tstamp 612A8745)
    (at 159.385 57.522 270)
    (descr "Resistor SMD 0805 (2012 Metric), square (rectangular) end terminal, IPC_7351 nominal with elongated pad for handsoldering. (Body size source: https://docs.google.com/spreadsheets/d/1BsfQQcO9C6DZCsRaXUlFlo91Tg2WpOkGARC1WS5S8t0/edit?usp=sharing), generated with kicad-footprint-generator")
    (tags "resistor handsolder")
    (path /612DBB23)
    (attr smd)
    (fp_text reference R17 (at 0 1.524 90) (layer F.SilkS)
      (effects (font (size 1 1) (thickness 0.15)))
    )
    (fp_text value 110 (at 0 1.65 90) (layer F.Fab)
      (effects (font (size 1 1) (thickness 0.15)))
    )
    (fp_line (start 1.85 0.95) (end -1.85 0.95) (layer F.CrtYd) (width 0.05))
    (fp_line (start 1.85 -0.95) (end 1.85 0.95) (layer F.CrtYd) (width 0.05))
    (fp_line (start -1.85 -0.95) (end 1.85 -0.95) (layer F.CrtYd) (width 0.05))
    (fp_line (start -1.85 0.95) (end -1.85 -0.95) (layer F.CrtYd) (width 0.05))
    (fp_line (start -0.261252 0.71) (end 0.261252 0.71) (layer F.SilkS) (width 0.12))
    (fp_line (start -0.261252 -0.71) (end 0.261252 -0.71) (layer F.SilkS) (width 0.12))
    (fp_line (start 1 0.6) (end -1 0.6) (layer F.Fab) (width 0.1))
    (fp_line (start 1 -0.6) (end 1 0.6) (layer F.Fab) (width 0.1))
    (fp_line (start -1 -0.6) (end 1 -0.6) (layer F.Fab) (width 0.1))
    (fp_line (start -1 0.6) (end -1 -0.6) (layer F.Fab) (width 0.1))
    (fp_text user %R (at 0 0 90) (layer F.Fab)
      (effects (font (size 0.5 0.5) (thickness 0.08)))
    )
    (pad 2 smd roundrect (at 1.025 0 270) (size 1.15 1.4) (layers F.Cu F.Paste F.Mask) (roundrect_rratio 0.217391)
      (net 22 /2.85V))
    (pad 1 smd roundrect (at -1.025 0 270) (size 1.15 1.4) (layers F.Cu F.Paste F.Mask) (roundrect_rratio 0.217391)
      (net 11 /DB6))
    (model ${KISYS3DMOD}/Resistor_SMD.3dshapes/R_0805_2012Metric.wrl
      (at (xyz 0 0 0))
      (scale (xyz 1 1 1))
      (rotate (xyz 0 0 0))
    )
  )

  (module Resistor_SMD:R_0805_2012Metric_Pad1.15x1.40mm_HandSolder (layer F.Cu) (tedit 5B36C52B) (tstamp 612A8734)
    (at 163.068 61.84 90)
    (descr "Resistor SMD 0805 (2012 Metric), square (rectangular) end terminal, IPC_7351 nominal with elongated pad for handsoldering. (Body size source: https://docs.google.com/spreadsheets/d/1BsfQQcO9C6DZCsRaXUlFlo91Tg2WpOkGARC1WS5S8t0/edit?usp=sharing), generated with kicad-footprint-generator")
    (tags "resistor handsolder")
    (path /612DBB1D)
    (attr smd)
    (fp_text reference R16 (at 0 -1.397 90) (layer F.SilkS)
      (effects (font (size 1 1) (thickness 0.15)))
    )
    (fp_text value 110 (at 0 1.65 90) (layer F.Fab)
      (effects (font (size 1 1) (thickness 0.15)))
    )
    (fp_line (start 1.85 0.95) (end -1.85 0.95) (layer F.CrtYd) (width 0.05))
    (fp_line (start 1.85 -0.95) (end 1.85 0.95) (layer F.CrtYd) (width 0.05))
    (fp_line (start -1.85 -0.95) (end 1.85 -0.95) (layer F.CrtYd) (width 0.05))
    (fp_line (start -1.85 0.95) (end -1.85 -0.95) (layer F.CrtYd) (width 0.05))
    (fp_line (start -0.261252 0.71) (end 0.261252 0.71) (layer F.SilkS) (width 0.12))
    (fp_line (start -0.261252 -0.71) (end 0.261252 -0.71) (layer F.SilkS) (width 0.12))
    (fp_line (start 1 0.6) (end -1 0.6) (layer F.Fab) (width 0.1))
    (fp_line (start 1 -0.6) (end 1 0.6) (layer F.Fab) (width 0.1))
    (fp_line (start -1 -0.6) (end 1 -0.6) (layer F.Fab) (width 0.1))
    (fp_line (start -1 0.6) (end -1 -0.6) (layer F.Fab) (width 0.1))
    (fp_text user %R (at 0 0 90) (layer F.Fab)
      (effects (font (size 0.5 0.5) (thickness 0.08)))
    )
    (pad 2 smd roundrect (at 1.025 0 90) (size 1.15 1.4) (layers F.Cu F.Paste F.Mask) (roundrect_rratio 0.217391)
      (net 22 /2.85V))
    (pad 1 smd roundrect (at -1.025 0 90) (size 1.15 1.4) (layers F.Cu F.Paste F.Mask) (roundrect_rratio 0.217391)
      (net 12 /DB5))
    (model ${KISYS3DMOD}/Resistor_SMD.3dshapes/R_0805_2012Metric.wrl
      (at (xyz 0 0 0))
      (scale (xyz 1 1 1))
      (rotate (xyz 0 0 0))
    )
  )

  (module Resistor_SMD:R_0805_2012Metric_Pad1.15x1.40mm_HandSolder (layer B.Cu) (tedit 5B36C52B) (tstamp 612A8723)
    (at 161.798 61.849 90)
    (descr "Resistor SMD 0805 (2012 Metric), square (rectangular) end terminal, IPC_7351 nominal with elongated pad for handsoldering. (Body size source: https://docs.google.com/spreadsheets/d/1BsfQQcO9C6DZCsRaXUlFlo91Tg2WpOkGARC1WS5S8t0/edit?usp=sharing), generated with kicad-footprint-generator")
    (tags "resistor handsolder")
    (path /612DBB17)
    (attr smd)
    (fp_text reference R15 (at 0 -1.27 270) (layer B.SilkS)
      (effects (font (size 1 1) (thickness 0.15)) (justify mirror))
    )
    (fp_text value 110 (at 0 -1.65 270) (layer B.Fab)
      (effects (font (size 1 1) (thickness 0.15)) (justify mirror))
    )
    (fp_line (start 1.85 -0.95) (end -1.85 -0.95) (layer B.CrtYd) (width 0.05))
    (fp_line (start 1.85 0.95) (end 1.85 -0.95) (layer B.CrtYd) (width 0.05))
    (fp_line (start -1.85 0.95) (end 1.85 0.95) (layer B.CrtYd) (width 0.05))
    (fp_line (start -1.85 -0.95) (end -1.85 0.95) (layer B.CrtYd) (width 0.05))
    (fp_line (start -0.261252 -0.71) (end 0.261252 -0.71) (layer B.SilkS) (width 0.12))
    (fp_line (start -0.261252 0.71) (end 0.261252 0.71) (layer B.SilkS) (width 0.12))
    (fp_line (start 1 -0.6) (end -1 -0.6) (layer B.Fab) (width 0.1))
    (fp_line (start 1 0.6) (end 1 -0.6) (layer B.Fab) (width 0.1))
    (fp_line (start -1 0.6) (end 1 0.6) (layer B.Fab) (width 0.1))
    (fp_line (start -1 -0.6) (end -1 0.6) (layer B.Fab) (width 0.1))
    (fp_text user %R (at 0 0 270) (layer B.Fab)
      (effects (font (size 0.5 0.5) (thickness 0.08)) (justify mirror))
    )
    (pad 2 smd roundrect (at 1.025 0 90) (size 1.15 1.4) (layers B.Cu B.Paste B.Mask) (roundrect_rratio 0.217391)
      (net 22 /2.85V))
    (pad 1 smd roundrect (at -1.025 0 90) (size 1.15 1.4) (layers B.Cu B.Paste B.Mask) (roundrect_rratio 0.217391)
      (net 3 /DB4))
    (model ${KISYS3DMOD}/Resistor_SMD.3dshapes/R_0805_2012Metric.wrl
      (at (xyz 0 0 0))
      (scale (xyz 1 1 1))
      (rotate (xyz 0 0 0))
    )
  )

  (module Resistor_SMD:R_0805_2012Metric_Pad1.15x1.40mm_HandSolder (layer F.Cu) (tedit 5B36C52B) (tstamp 612A8AC4)
    (at 160.147 61.858 90)
    (descr "Resistor SMD 0805 (2012 Metric), square (rectangular) end terminal, IPC_7351 nominal with elongated pad for handsoldering. (Body size source: https://docs.google.com/spreadsheets/d/1BsfQQcO9C6DZCsRaXUlFlo91Tg2WpOkGARC1WS5S8t0/edit?usp=sharing), generated with kicad-footprint-generator")
    (tags "resistor handsolder")
    (path /612DBB11)
    (attr smd)
    (fp_text reference R14 (at 0 -1.524 90) (layer F.SilkS)
      (effects (font (size 1 1) (thickness 0.15)))
    )
    (fp_text value 110 (at 0 1.65 90) (layer F.Fab)
      (effects (font (size 1 1) (thickness 0.15)))
    )
    (fp_line (start 1.85 0.95) (end -1.85 0.95) (layer F.CrtYd) (width 0.05))
    (fp_line (start 1.85 -0.95) (end 1.85 0.95) (layer F.CrtYd) (width 0.05))
    (fp_line (start -1.85 -0.95) (end 1.85 -0.95) (layer F.CrtYd) (width 0.05))
    (fp_line (start -1.85 0.95) (end -1.85 -0.95) (layer F.CrtYd) (width 0.05))
    (fp_line (start -0.261252 0.71) (end 0.261252 0.71) (layer F.SilkS) (width 0.12))
    (fp_line (start -0.261252 -0.71) (end 0.261252 -0.71) (layer F.SilkS) (width 0.12))
    (fp_line (start 1 0.6) (end -1 0.6) (layer F.Fab) (width 0.1))
    (fp_line (start 1 -0.6) (end 1 0.6) (layer F.Fab) (width 0.1))
    (fp_line (start -1 -0.6) (end 1 -0.6) (layer F.Fab) (width 0.1))
    (fp_line (start -1 0.6) (end -1 -0.6) (layer F.Fab) (width 0.1))
    (fp_text user %R (at 0 0 90) (layer F.Fab)
      (effects (font (size 0.5 0.5) (thickness 0.08)))
    )
    (pad 2 smd roundrect (at 1.025 0 90) (size 1.15 1.4) (layers F.Cu F.Paste F.Mask) (roundrect_rratio 0.217391)
      (net 22 /2.85V))
    (pad 1 smd roundrect (at -1.025 0 90) (size 1.15 1.4) (layers F.Cu F.Paste F.Mask) (roundrect_rratio 0.217391)
      (net 13 /DB3))
    (model ${KISYS3DMOD}/Resistor_SMD.3dshapes/R_0805_2012Metric.wrl
      (at (xyz 0 0 0))
      (scale (xyz 1 1 1))
      (rotate (xyz 0 0 0))
    )
  )

  (module Resistor_SMD:R_0805_2012Metric_Pad1.15x1.40mm_HandSolder (layer B.Cu) (tedit 5B36C52B) (tstamp 612A8701)
    (at 159.131 61.849 90)
    (descr "Resistor SMD 0805 (2012 Metric), square (rectangular) end terminal, IPC_7351 nominal with elongated pad for handsoldering. (Body size source: https://docs.google.com/spreadsheets/d/1BsfQQcO9C6DZCsRaXUlFlo91Tg2WpOkGARC1WS5S8t0/edit?usp=sharing), generated with kicad-footprint-generator")
    (tags "resistor handsolder")
    (path /612DBB0B)
    (attr smd)
    (fp_text reference R13 (at 0 -1.27 270) (layer B.SilkS)
      (effects (font (size 1 1) (thickness 0.15)) (justify mirror))
    )
    (fp_text value 110 (at 0 -1.65 270) (layer B.Fab)
      (effects (font (size 1 1) (thickness 0.15)) (justify mirror))
    )
    (fp_line (start 1.85 -0.95) (end -1.85 -0.95) (layer B.CrtYd) (width 0.05))
    (fp_line (start 1.85 0.95) (end 1.85 -0.95) (layer B.CrtYd) (width 0.05))
    (fp_line (start -1.85 0.95) (end 1.85 0.95) (layer B.CrtYd) (width 0.05))
    (fp_line (start -1.85 -0.95) (end -1.85 0.95) (layer B.CrtYd) (width 0.05))
    (fp_line (start -0.261252 -0.71) (end 0.261252 -0.71) (layer B.SilkS) (width 0.12))
    (fp_line (start -0.261252 0.71) (end 0.261252 0.71) (layer B.SilkS) (width 0.12))
    (fp_line (start 1 -0.6) (end -1 -0.6) (layer B.Fab) (width 0.1))
    (fp_line (start 1 0.6) (end 1 -0.6) (layer B.Fab) (width 0.1))
    (fp_line (start -1 0.6) (end 1 0.6) (layer B.Fab) (width 0.1))
    (fp_line (start -1 -0.6) (end -1 0.6) (layer B.Fab) (width 0.1))
    (fp_text user %R (at 0 0 270) (layer B.Fab)
      (effects (font (size 0.5 0.5) (thickness 0.08)) (justify mirror))
    )
    (pad 2 smd roundrect (at 1.025 0 90) (size 1.15 1.4) (layers B.Cu B.Paste B.Mask) (roundrect_rratio 0.217391)
      (net 22 /2.85V))
    (pad 1 smd roundrect (at -1.025 0 90) (size 1.15 1.4) (layers B.Cu B.Paste B.Mask) (roundrect_rratio 0.217391)
      (net 4 /DB2))
    (model ${KISYS3DMOD}/Resistor_SMD.3dshapes/R_0805_2012Metric.wrl
      (at (xyz 0 0 0))
      (scale (xyz 1 1 1))
      (rotate (xyz 0 0 0))
    )
  )

  (module Resistor_SMD:R_0805_2012Metric_Pad1.15x1.40mm_HandSolder (layer B.Cu) (tedit 5B36C52B) (tstamp 612A86F0)
    (at 156.337 61.985 90)
    (descr "Resistor SMD 0805 (2012 Metric), square (rectangular) end terminal, IPC_7351 nominal with elongated pad for handsoldering. (Body size source: https://docs.google.com/spreadsheets/d/1BsfQQcO9C6DZCsRaXUlFlo91Tg2WpOkGARC1WS5S8t0/edit?usp=sharing), generated with kicad-footprint-generator")
    (tags "resistor handsolder")
    (path /612DBB05)
    (attr smd)
    (fp_text reference R12 (at 0 -1.27 90) (layer B.SilkS)
      (effects (font (size 1 1) (thickness 0.15)) (justify mirror))
    )
    (fp_text value 110 (at 0 -1.65 90) (layer B.Fab)
      (effects (font (size 1 1) (thickness 0.15)) (justify mirror))
    )
    (fp_line (start 1.85 -0.95) (end -1.85 -0.95) (layer B.CrtYd) (width 0.05))
    (fp_line (start 1.85 0.95) (end 1.85 -0.95) (layer B.CrtYd) (width 0.05))
    (fp_line (start -1.85 0.95) (end 1.85 0.95) (layer B.CrtYd) (width 0.05))
    (fp_line (start -1.85 -0.95) (end -1.85 0.95) (layer B.CrtYd) (width 0.05))
    (fp_line (start -0.261252 -0.71) (end 0.261252 -0.71) (layer B.SilkS) (width 0.12))
    (fp_line (start -0.261252 0.71) (end 0.261252 0.71) (layer B.SilkS) (width 0.12))
    (fp_line (start 1 -0.6) (end -1 -0.6) (layer B.Fab) (width 0.1))
    (fp_line (start 1 0.6) (end 1 -0.6) (layer B.Fab) (width 0.1))
    (fp_line (start -1 0.6) (end 1 0.6) (layer B.Fab) (width 0.1))
    (fp_line (start -1 -0.6) (end -1 0.6) (layer B.Fab) (width 0.1))
    (fp_text user %R (at 0 0 90) (layer B.Fab)
      (effects (font (size 0.5 0.5) (thickness 0.08)) (justify mirror))
    )
    (pad 2 smd roundrect (at 1.025 0 90) (size 1.15 1.4) (layers B.Cu B.Paste B.Mask) (roundrect_rratio 0.217391)
      (net 22 /2.85V))
    (pad 1 smd roundrect (at -1.025 0 90) (size 1.15 1.4) (layers B.Cu B.Paste B.Mask) (roundrect_rratio 0.217391)
      (net 5 /DB1))
    (model ${KISYS3DMOD}/Resistor_SMD.3dshapes/R_0805_2012Metric.wrl
      (at (xyz 0 0 0))
      (scale (xyz 1 1 1))
      (rotate (xyz 0 0 0))
    )
  )

  (module Resistor_SMD:R_0805_2012Metric_Pad1.15x1.40mm_HandSolder (layer F.Cu) (tedit 5B36C52B) (tstamp 612A86DF)
    (at 154.94 61.985 90)
    (descr "Resistor SMD 0805 (2012 Metric), square (rectangular) end terminal, IPC_7351 nominal with elongated pad for handsoldering. (Body size source: https://docs.google.com/spreadsheets/d/1BsfQQcO9C6DZCsRaXUlFlo91Tg2WpOkGARC1WS5S8t0/edit?usp=sharing), generated with kicad-footprint-generator")
    (tags "resistor handsolder")
    (path /612DBAFF)
    (attr smd)
    (fp_text reference R11 (at 0 -1.397 90) (layer F.SilkS)
      (effects (font (size 1 1) (thickness 0.15)))
    )
    (fp_text value 110 (at 0 1.65 90) (layer F.Fab)
      (effects (font (size 1 1) (thickness 0.15)))
    )
    (fp_line (start 1.85 0.95) (end -1.85 0.95) (layer F.CrtYd) (width 0.05))
    (fp_line (start 1.85 -0.95) (end 1.85 0.95) (layer F.CrtYd) (width 0.05))
    (fp_line (start -1.85 -0.95) (end 1.85 -0.95) (layer F.CrtYd) (width 0.05))
    (fp_line (start -1.85 0.95) (end -1.85 -0.95) (layer F.CrtYd) (width 0.05))
    (fp_line (start -0.261252 0.71) (end 0.261252 0.71) (layer F.SilkS) (width 0.12))
    (fp_line (start -0.261252 -0.71) (end 0.261252 -0.71) (layer F.SilkS) (width 0.12))
    (fp_line (start 1 0.6) (end -1 0.6) (layer F.Fab) (width 0.1))
    (fp_line (start 1 -0.6) (end 1 0.6) (layer F.Fab) (width 0.1))
    (fp_line (start -1 -0.6) (end 1 -0.6) (layer F.Fab) (width 0.1))
    (fp_line (start -1 0.6) (end -1 -0.6) (layer F.Fab) (width 0.1))
    (fp_text user %R (at 0 0 90) (layer F.Fab)
      (effects (font (size 0.5 0.5) (thickness 0.08)))
    )
    (pad 2 smd roundrect (at 1.025 0 90) (size 1.15 1.4) (layers F.Cu F.Paste F.Mask) (roundrect_rratio 0.217391)
      (net 22 /2.85V))
    (pad 1 smd roundrect (at -1.025 0 90) (size 1.15 1.4) (layers F.Cu F.Paste F.Mask) (roundrect_rratio 0.217391)
      (net 14 /DB0))
    (model ${KISYS3DMOD}/Resistor_SMD.3dshapes/R_0805_2012Metric.wrl
      (at (xyz 0 0 0))
      (scale (xyz 1 1 1))
      (rotate (xyz 0 0 0))
    )
  )

  (module Resistor_SMD:R_0805_2012Metric_Pad1.15x1.40mm_HandSolder (layer B.Cu) (tedit 5B36C52B) (tstamp 612A86CE)
    (at 153.543 61.985 90)
    (descr "Resistor SMD 0805 (2012 Metric), square (rectangular) end terminal, IPC_7351 nominal with elongated pad for handsoldering. (Body size source: https://docs.google.com/spreadsheets/d/1BsfQQcO9C6DZCsRaXUlFlo91Tg2WpOkGARC1WS5S8t0/edit?usp=sharing), generated with kicad-footprint-generator")
    (tags "resistor handsolder")
    (path /612DBAF9)
    (attr smd)
    (fp_text reference R10 (at 0.009 -1.397 270) (layer B.SilkS)
      (effects (font (size 1 1) (thickness 0.15)) (justify mirror))
    )
    (fp_text value 110 (at 0 -1.65 270) (layer B.Fab)
      (effects (font (size 1 1) (thickness 0.15)) (justify mirror))
    )
    (fp_line (start 1.85 -0.95) (end -1.85 -0.95) (layer B.CrtYd) (width 0.05))
    (fp_line (start 1.85 0.95) (end 1.85 -0.95) (layer B.CrtYd) (width 0.05))
    (fp_line (start -1.85 0.95) (end 1.85 0.95) (layer B.CrtYd) (width 0.05))
    (fp_line (start -1.85 -0.95) (end -1.85 0.95) (layer B.CrtYd) (width 0.05))
    (fp_line (start -0.261252 -0.71) (end 0.261252 -0.71) (layer B.SilkS) (width 0.12))
    (fp_line (start -0.261252 0.71) (end 0.261252 0.71) (layer B.SilkS) (width 0.12))
    (fp_line (start 1 -0.6) (end -1 -0.6) (layer B.Fab) (width 0.1))
    (fp_line (start 1 0.6) (end 1 -0.6) (layer B.Fab) (width 0.1))
    (fp_line (start -1 0.6) (end 1 0.6) (layer B.Fab) (width 0.1))
    (fp_line (start -1 -0.6) (end -1 0.6) (layer B.Fab) (width 0.1))
    (fp_text user %R (at 0 0 270) (layer B.Fab)
      (effects (font (size 0.5 0.5) (thickness 0.08)) (justify mirror))
    )
    (pad 2 smd roundrect (at 1.025 0 90) (size 1.15 1.4) (layers B.Cu B.Paste B.Mask) (roundrect_rratio 0.217391)
      (net 22 /2.85V))
    (pad 1 smd roundrect (at -1.025 0 90) (size 1.15 1.4) (layers B.Cu B.Paste B.Mask) (roundrect_rratio 0.217391)
      (net 6 /DBP))
    (model ${KISYS3DMOD}/Resistor_SMD.3dshapes/R_0805_2012Metric.wrl
      (at (xyz 0 0 0))
      (scale (xyz 1 1 1))
      (rotate (xyz 0 0 0))
    )
  )

  (module Resistor_SMD:R_0805_2012Metric_Pad1.15x1.40mm_HandSolder (layer B.Cu) (tedit 5B36C52B) (tstamp 612A86BD)
    (at 150.749 61.976 270)
    (descr "Resistor SMD 0805 (2012 Metric), square (rectangular) end terminal, IPC_7351 nominal with elongated pad for handsoldering. (Body size source: https://docs.google.com/spreadsheets/d/1BsfQQcO9C6DZCsRaXUlFlo91Tg2WpOkGARC1WS5S8t0/edit?usp=sharing), generated with kicad-footprint-generator")
    (tags "resistor handsolder")
    (path /612CB026)
    (attr smd)
    (fp_text reference R9 (at 0 1.397 270) (layer B.SilkS)
      (effects (font (size 1 1) (thickness 0.15)) (justify mirror))
    )
    (fp_text value 110 (at 0 -1.65 270) (layer B.Fab)
      (effects (font (size 1 1) (thickness 0.15)) (justify mirror))
    )
    (fp_line (start 1.85 -0.95) (end -1.85 -0.95) (layer B.CrtYd) (width 0.05))
    (fp_line (start 1.85 0.95) (end 1.85 -0.95) (layer B.CrtYd) (width 0.05))
    (fp_line (start -1.85 0.95) (end 1.85 0.95) (layer B.CrtYd) (width 0.05))
    (fp_line (start -1.85 -0.95) (end -1.85 0.95) (layer B.CrtYd) (width 0.05))
    (fp_line (start -0.261252 -0.71) (end 0.261252 -0.71) (layer B.SilkS) (width 0.12))
    (fp_line (start -0.261252 0.71) (end 0.261252 0.71) (layer B.SilkS) (width 0.12))
    (fp_line (start 1 -0.6) (end -1 -0.6) (layer B.Fab) (width 0.1))
    (fp_line (start 1 0.6) (end 1 -0.6) (layer B.Fab) (width 0.1))
    (fp_line (start -1 0.6) (end 1 0.6) (layer B.Fab) (width 0.1))
    (fp_line (start -1 -0.6) (end -1 0.6) (layer B.Fab) (width 0.1))
    (fp_text user %R (at 0 0 270) (layer B.Fab)
      (effects (font (size 0.5 0.5) (thickness 0.08)) (justify mirror))
    )
    (pad 2 smd roundrect (at 1.025 0 270) (size 1.15 1.4) (layers B.Cu B.Paste B.Mask) (roundrect_rratio 0.217391)
      (net 7 /SEL))
    (pad 1 smd roundrect (at -1.025 0 270) (size 1.15 1.4) (layers B.Cu B.Paste B.Mask) (roundrect_rratio 0.217391)
      (net 22 /2.85V))
    (model ${KISYS3DMOD}/Resistor_SMD.3dshapes/R_0805_2012Metric.wrl
      (at (xyz 0 0 0))
      (scale (xyz 1 1 1))
      (rotate (xyz 0 0 0))
    )
  )

  (module Resistor_SMD:R_0805_2012Metric_Pad1.15x1.40mm_HandSolder (layer F.Cu) (tedit 5B36C52B) (tstamp 612A8A53)
    (at 149.4155 61.9215 270)
    (descr "Resistor SMD 0805 (2012 Metric), square (rectangular) end terminal, IPC_7351 nominal with elongated pad for handsoldering. (Body size source: https://docs.google.com/spreadsheets/d/1BsfQQcO9C6DZCsRaXUlFlo91Tg2WpOkGARC1WS5S8t0/edit?usp=sharing), generated with kicad-footprint-generator")
    (tags "resistor handsolder")
    (path /612CADD4)
    (attr smd)
    (fp_text reference R8 (at 0 1.3335 90) (layer F.SilkS)
      (effects (font (size 1 1) (thickness 0.15)))
    )
    (fp_text value 110 (at 0 1.65 90) (layer F.Fab)
      (effects (font (size 1 1) (thickness 0.15)))
    )
    (fp_line (start 1.85 0.95) (end -1.85 0.95) (layer F.CrtYd) (width 0.05))
    (fp_line (start 1.85 -0.95) (end 1.85 0.95) (layer F.CrtYd) (width 0.05))
    (fp_line (start -1.85 -0.95) (end 1.85 -0.95) (layer F.CrtYd) (width 0.05))
    (fp_line (start -1.85 0.95) (end -1.85 -0.95) (layer F.CrtYd) (width 0.05))
    (fp_line (start -0.261252 0.71) (end 0.261252 0.71) (layer F.SilkS) (width 0.12))
    (fp_line (start -0.261252 -0.71) (end 0.261252 -0.71) (layer F.SilkS) (width 0.12))
    (fp_line (start 1 0.6) (end -1 0.6) (layer F.Fab) (width 0.1))
    (fp_line (start 1 -0.6) (end 1 0.6) (layer F.Fab) (width 0.1))
    (fp_line (start -1 -0.6) (end 1 -0.6) (layer F.Fab) (width 0.1))
    (fp_line (start -1 0.6) (end -1 -0.6) (layer F.Fab) (width 0.1))
    (fp_text user %R (at 0 0 90) (layer F.Fab)
      (effects (font (size 0.5 0.5) (thickness 0.08)))
    )
    (pad 2 smd roundrect (at 1.025 0 270) (size 1.15 1.4) (layers F.Cu F.Paste F.Mask) (roundrect_rratio 0.217391)
      (net 15 /BSY))
    (pad 1 smd roundrect (at -1.025 0 270) (size 1.15 1.4) (layers F.Cu F.Paste F.Mask) (roundrect_rratio 0.217391)
      (net 22 /2.85V))
    (model ${KISYS3DMOD}/Resistor_SMD.3dshapes/R_0805_2012Metric.wrl
      (at (xyz 0 0 0))
      (scale (xyz 1 1 1))
      (rotate (xyz 0 0 0))
    )
  )

